L   n   iter
0   0.1 191
TestLogisticRegression
0.9476987447698745
0.9575070821529745
0.9712643678160919
0.964336661911555

0 0.1 91
TestLogisticRegression
0.9518828451882845
0.9603399433427762
0.9741379310344828
0.9671897289586306

0.1, 0.1, 251
TestLogisticRegression
0.9539748953974896
0.9657142857142857
0.9712643678160919
0.9684813753581661

0.15, 0.1, 251
TestLogisticRegression
0.9539748953974896
0.9630681818181818
0.9741379310344828
0.9685714285714285

0.3, 0.1, 251
TestLogisticRegression
0.9560669456066946
0.9658119658119658
0.9741379310344828
0.9699570815450644

0 0.01, 301
TestLogisticRegression
0.9644351464435147
0.9769452449567724
0.9741379310344828
0.9755395683453238

0.1, 0.01, 300
TestLogisticRegression
0.9665271966527197
0.9770114942528736
0.9770114942528736
0.9770114942528736

0.1 0.1 191
TestLogisticRegression
0.9602510460251046
0.9686609686609686
0.9770114942528736
0.9728183118741058   

0.2, 0.1, 251
TestLogisticRegression
0.9581589958158996
0.9685714285714285
0.9741379310344828
0.9713467048710601
    
0 0.1, 81
TestLogisticRegression
0.9539748953974896
0.96045197740113
0.9770114942528736
0.9686609686609687

0 0.1 41
TestLogisticRegression
0.9518828451882845
0.9577464788732394
0.9770114942528736
0.9672830725462305